date,weekday,total,learnfair,learnlab,devlab,prioritylab,scavenge,other
2021-06-14 21:30:25.799302,0,14212,5500,7043,621,803,245,3163
2021-06-14 21:45:27.959726,0,14538,5567,6880,620,843,628,3162
2021-06-14 22:00:30.713871,0,14296,5644,6943,620,777,312,3305
2021-06-14 22:15:33.090367,0,14441,5630,6829,684,777,521,3402
2021-06-14 22:30:34.891548,0,14240,5517,6761,683,766,513,3450
2021-06-14 22:45:40.588460,0,14278,5522,6759,675,766,556,3548
2021-06-14 23:00:44.073218,0,14162,5386,6716,723,822,515,3764
2021-06-14 23:15:52.283883,0,14142,5393,6647,757,914,431,3747
2021-06-14 23:30:54.952180,0,14222,5304,6765,793,918,442,3767
2021-06-14 23:45:57.279763,0,14101,5191,6787,725,930,468,3773
2021-06-15 00:01:00.079997,1,14226,5185,6953,707,929,452,3798
2021-06-15 00:16:08.744474,1,14276,5175,7045,707,929,420,3833
2021-06-15 00:31:11.630705,1,14276,5149,7043,715,929,440,3714
2021-06-15 00:46:13.405071,1,14475,5474,7012,707,865,417,3653
2021-06-15 01:01:18.288078,1,14621,5551,6953,701,993,423,3552
2021-06-15 01:16:21.024462,1,14506,5529,6904,675,993,405,3622
2021-06-15 01:31:27.065866,1,14542,5471,6955,683,993,440,3589
2021-06-15 01:46:38.644773,1,14300,5189,7007,691,993,420,3556
2021-06-15 02:01:43.037010,1,14369,5141,7005,706,993,524,3807
2021-06-15 02:16:44.831644,1,14465,5318,7010,674,993,470,3395
2021-06-15 02:31:46.441739,1,14328,5175,7032,664,993,464,3443
2021-06-15 02:46:48.290537,1,14676,5532,6943,730,1025,446,3346
2021-06-15 03:01:50.099674,1,14715,5690,6911,730,1017,367,3570
2021-06-15 03:16:56.432925,1,14251,5229,6851,730,1017,424,3682
2021-06-15 03:31:58.642154,1,14018,4957,6894,728,1017,422,3805
2021-06-15 03:47:00.619535,1,14051,5080,6867,725,953,426,3875
2021-06-15 04:02:02.043941,1,14149,5096,6914,724,953,462,3870
2021-06-15 04:17:04.454557,1,14116,5037,7012,735,937,395,3870
2021-06-15 04:32:07.345982,1,13842,4779,6995,716,937,415,3925
2021-06-15 04:47:10.995920,1,14215,5197,7006,720,937,355,4070
2021-06-15 05:02:14.881514,1,14072,5087,6957,728,937,363,3965
2021-06-15 05:17:21.781410,1,14141,5140,6979,713,962,347,3887
2021-06-15 05:32:24.459207,1,13732,4822,6842,702,963,403,3879
2021-06-15 05:47:26.932833,1,14000,5063,6874,688,964,411,3566
2021-06-15 06:02:29.095991,1,13770,4805,6852,691,965,457,3302
2021-06-15 06:17:38.088942,1,14250,5298,6908,640,931,473,3272
2021-06-15 06:32:45.079020,1,14294,5502,6804,623,925,440,3272
2021-06-15 06:47:47.185084,1,14118,5430,6770,635,924,359,3264
2021-06-15 07:02:49.021095,1,14508,5795,6802,626,926,359,3390
2021-06-15 07:17:50.280362,1,14487,5722,6831,646,927,361,3338
2021-06-15 07:32:52.551212,1,14406,5396,6932,634,927,517,3500
2021-06-15 07:47:58.070629,1,14298,5410,6978,595,926,389,3562
2021-06-15 08:03:03.567528,1,14379,5313,6903,587,926,650,3541
2021-06-15 08:18:05.219441,1,14277,5344,6986,611,974,362,3534
2021-06-15 08:33:06.659660,1,14427,5296,7199,603,977,352,3530
2021-06-15 08:48:08.650741,1,14462,5246,7244,635,976,361,3401
2021-06-15 09:03:16.077144,1,14166,4935,7228,579,1073,351,3573
2021-06-15 09:18:19.854669,1,14600,5193,7596,556,849,406,3645
2021-06-15 09:33:21.136755,1,14817,5394,7456,580,945,442,3085
2021-06-15 09:48:24.014296,1,14742,5545,7247,600,942,408,3084
2021-06-15 10:03:26.323351,1,15081,5938,7211,596,942,394,3164
2021-06-15 10:18:27.880808,1,14574,5539,7178,602,914,341,3308
2021-06-15 10:33:29.432746,1,14739,5458,7468,614,907,292,3449
2021-06-15 10:48:35.537590,1,14385,5162,7449,602,908,264,3600
2021-06-15 11:03:38.128747,1,14382,5031,7437,593,911,410,3767
2021-06-15 11:18:40.561550,1,13832,4650,7319,625,910,328,3862
2021-06-15 11:33:43.256798,1,14269,5092,7332,593,909,343,3433
2021-06-15 11:48:46.577661,1,14496,5550,7183,582,910,271,3601
2021-06-15 12:03:53.342538,1,14359,5378,7088,578,909,406,3641
2021-06-15 12:19:02.543516,1,14411,5446,6994,570,908,493,3745
2021-06-15 12:34:05.542357,1,14765,5394,7291,562,1038,480,3713
2021-06-15 12:49:10.826485,1,14967,5598,7250,607,1033,479,3778
2021-06-15 13:04:15.891012,1,14793,5584,7073,636,1032,468,3754
2021-06-15 13:19:21.820305,1,14611,5550,6931,628,1017,485,3826
2021-06-15 13:34:28.790960,1,14400,5356,6845,692,1018,489,3793
2021-06-15 13:49:36.086529,1,14277,5250,6854,663,1020,490,3917
2021-06-15 14:04:54.846596,1,14324,5105,7093,621,1021,484,3917
2021-06-15 14:20:03.887488,1,14079,4754,7252,650,1001,422,3881
2021-06-15 14:35:12.056189,1,14167,4881,7259,623,1001,403,3825
2021-06-15 14:50:18.748770,1,14119,4785,7312,627,1001,394,4129
2021-06-15 15:05:24.276017,1,13818,4594,7284,610,968,362,3993
2021-06-15 15:20:30.434880,1,14142,4917,7297,602,968,358,3651
2021-06-15 15:35:34.472905,1,14291,5127,7354,601,840,369,3674
2021-06-15 15:50:40.485700,1,14116,4928,7408,600,840,340,3862
2021-06-15 16:05:48.925832,1,13737,4548,7435,599,840,315,4182
2021-06-15 16:20:53.676338,1,13859,4649,7461,597,842,310,4373
2021-06-15 16:35:58.041190,1,13815,4669,7436,582,826,302,4437
2021-06-15 16:51:02.038251,1,13742,4656,7353,610,825,298,4437
2021-06-15 17:06:04.862646,1,14064,4897,7316,620,827,404,4279
2021-06-15 17:21:06.697279,1,14004,4805,7403,621,827,348,4339
2021-06-15 17:36:18.906124,1,13848,4697,7410,578,826,337,4075
2021-06-15 17:51:20.686402,1,14055,4806,7520,586,826,317,4199
2021-06-15 18:06:32.999063,1,13814,4606,7508,586,803,311,4324
2021-06-15 18:21:34.742207,1,13744,4547,7476,618,803,300,4386
2021-06-15 18:36:37.186278,1,13688,4516,7456,619,803,294,4470
2021-06-15 18:51:43.212759,1,13675,4581,7423,587,804,280,4527
2021-06-15 19:06:48.714967,1,13663,4560,7442,587,804,270,4274
2021-06-15 19:21:53.294825,1,13673,4559,7446,592,806,270,4510
2021-06-15 19:37:02.032037,1,13604,4492,7419,617,806,270,4531
2021-06-15 19:52:04.786492,1,13446,4382,7402,590,806,266,4464
2021-06-15 20:07:07.730991,1,13410,4303,7465,582,796,264,4525
2021-06-15 20:22:11.438742,1,13343,4363,7420,598,700,262,4417
2021-06-15 20:37:15.926678,1,13063,4161,7302,606,732,262,4525
2021-06-15 20:52:20.924117,1,13230,4243,7372,622,732,261,4336
2021-06-15 21:07:29.068432,1,13262,4326,7314,629,732,261,4387
2021-06-15 21:22:32.829796,1,13347,4345,7414,629,700,259,4395
2021-06-15 21:37:35.031928,1,13197,4184,7469,593,700,251,4177
2021-06-15 21:52:40.372815,1,13630,4647,7459,577,700,247,3855
2021-06-15 22:07:55.498919,1,13657,4696,7453,569,700,239,3966
2021-06-15 22:22:57.561150,1,13508,4562,7435,578,700,233,4039
2021-06-15 22:38:00.851368,1,13675,4631,7537,582,700,225,4037
2021-06-15 22:53:08.480970,1,13726,4608,7615,578,712,213,4047
2021-06-15 23:08:16.007009,1,13354,4376,7571,594,652,161,4295
2021-06-15 23:23:25.422364,1,13195,4308,7473,602,652,160,4068
2021-06-15 23:38:31.970175,1,13342,4334,7585,611,652,160,4268
2021-06-15 23:53:39.083148,1,13325,4391,7513,613,652,156,4267
2021-06-16 00:08:52.097438,2,13086,4237,7425,617,652,155,4399
2021-06-16 00:23:55.893885,2,12996,4181,7467,557,652,139,4510
2021-06-16 00:39:02.890304,2,12914,4172,7412,541,652,137,4132
2021-06-16 00:54:05.653131,2,13170,4285,7518,582,652,133,4420
2021-06-16 01:09:10.137536,2,13091,4235,7510,565,652,129,4420
2021-06-16 01:24:14.580862,2,13280,4211,7691,601,652,125,4409
2021-06-16 01:39:17.859521,2,13186,4222,7602,585,652,125,4389
2021-06-16 01:54:19.533663,2,13269,4218,7677,609,652,113,4420
2021-06-16 02:09:22.079313,2,13266,4257,7634,601,652,122,4408
2021-06-16 02:24:28.256643,2,13277,4251,7639,612,652,123,4407
2021-06-16 02:39:30.259549,2,13371,4247,7742,613,652,117,4410
2021-06-16 02:54:34.504021,2,13299,4303,7583,645,646,122,4370
2021-06-16 03:09:39.673091,2,13267,4355,7527,627,640,118,4312
2021-06-16 03:24:48.221843,2,13351,4321,7521,627,640,242,4312
2021-06-16 03:39:50.637583,2,13566,4532,7554,631,640,209,4311
2021-06-16 03:54:54.690139,2,13586,4635,7519,639,640,153,4335
2021-06-16 04:09:58.458527,2,13555,4644,7493,639,640,139,4335
2021-06-16 04:25:04.925418,2,13500,4575,7491,639,640,155,4326
2021-06-16 04:40:09.260725,2,13288,4396,7456,631,640,165,4326
2021-06-16 04:55:15.780984,2,13315,4346,7533,629,640,167,4320
2021-06-16 05:10:20.784270,2,13168,4353,7377,629,640,169,4288
2021-06-16 05:25:26.231711,2,13293,4358,7520,623,640,152,4287
2021-06-16 05:40:28.633653,2,13297,4388,7519,623,640,127,4319
2021-06-16 05:55:32.691854,2,13468,4596,7514,598,640,120,4255
2021-06-16 06:10:40.378978,2,13459,4551,7546,606,640,116,4319
2021-06-16 06:25:45.501407,2,13477,4497,7582,646,640,112,4289
2021-06-16 06:40:47.081321,2,13466,4491,7561,662,640,112,4281
2021-06-16 06:55:52.318669,2,13547,4552,7587,662,640,106,4281
2021-06-16 07:10:58.132298,2,13379,4470,7498,665,640,106,4281
2021-06-16 07:26:14.562424,2,13372,4274,7689,670,640,99,4243
2021-06-16 07:41:17.436949,2,13379,4490,7459,686,640,104,4230
2021-06-16 07:56:26.126127,2,13543,4360,7769,672,640,102,4203
2021-06-16 08:11:34.982024,2,13064,3931,7810,689,520,114,4546
2021-06-16 08:26:38.567319,2,13599,4362,7940,657,526,114,4302
2021-06-16 08:41:40.221761,2,13900,4514,8081,665,526,114,4209
2021-06-16 08:56:45.138710,2,13877,4606,8059,639,462,111,4294
2021-06-16 09:11:48.828886,2,14028,4680,8145,661,462,80,4352
2021-06-16 09:26:52.996184,2,13713,4563,7967,640,461,82,4324
2021-06-16 09:41:57.401018,2,13907,4629,7953,663,588,74,4403
2021-06-16 09:57:05.323559,2,13900,4626,7947,664,588,75,4265
2021-06-16 10:12:11.284156,2,13848,4561,7941,672,588,86,4342
2021-06-16 10:27:13.329338,2,14147,4923,7866,680,588,90,4216
2021-06-16 10:42:18.932366,2,14140,4922,7836,704,588,90,4074
2021-06-16 10:57:23.264790,2,14263,5113,7783,698,588,81,3817
2021-06-16 11:12:40.843056,2,14275,5101,7677,697,716,84,3752
2021-06-16 11:27:44.825003,2,14506,5372,7654,680,716,84,3752
2021-06-16 11:42:46.508735,2,14131,5052,7590,689,716,84,3815
2021-06-16 11:57:57.637688,2,14166,5117,7553,691,716,89,3981
2021-06-16 12:13:04.372571,2,14186,5101,7547,731,714,93,3917
2021-06-16 12:28:06.772029,2,13707,4681,7424,726,714,162,4009
2021-06-16 12:43:09.510576,2,13990,4868,7516,738,650,218,4052
2021-06-16 12:58:13.379095,2,14169,4982,7601,718,650,218,4173
2021-06-16 13:13:15.723274,2,14225,4933,7714,711,650,217,4237
2021-06-16 13:28:32.552834,2,13870,4652,7632,721,650,215,4173
2021-06-16 13:43:35.753682,2,13829,4574,7689,713,650,203,4195
2021-06-16 13:58:41.716414,2,13687,4431,7721,721,650,164,4294
2021-06-16 14:14:02.714355,2,13753,4508,7803,730,554,158,4500
2021-06-16 14:29:11.637100,2,13651,4576,7644,726,554,151,4500
2021-06-16 14:44:13.667447,2,13963,4721,7747,693,617,185,4468
2021-06-16 14:59:30.211412,2,13749,4563,7710,706,618,152,4350
2021-06-16 15:14:38.397312,2,13785,4711,7636,705,586,147,4446
2021-06-16 15:29:44.827862,2,13708,4642,7614,718,586,148,4474
2021-06-16 15:45:01.220846,2,13714,4690,7585,736,584,119,4489
2021-06-16 16:00:03.537204,2,13680,4659,7575,743,584,119,4520
2021-06-16 16:15:05.687672,2,13789,4804,7552,729,584,120,4358
2021-06-16 16:30:10.256320,2,13987,5006,7537,730,552,162,4170
2021-06-16 16:45:14.748976,2,13895,4916,7531,738,552,158,4229
2021-06-16 17:00:19.153618,2,13433,4574,7413,735,552,159,4195
2021-06-16 17:15:35.558218,2,13614,4557,7611,740,552,154,4209
2021-06-16 17:30:41.056395,2,13556,4630,7503,720,552,151,4118
2021-06-16 17:45:47.209101,2,13645,4651,7523,767,552,152,4279
2021-06-16 18:00:50.225588,2,13553,4481,7628,741,552,151,4403
2021-06-16 18:15:55.421305,2,13369,4358,7576,728,552,155,4430
2021-06-16 18:30:57.379313,2,13426,4449,7556,719,552,150,4421
2021-06-16 18:46:05.044426,2,13388,4396,7571,722,552,147,4354
2021-06-16 19:01:12.034137,2,13384,4259,7707,710,552,156,4354
2021-06-16 19:16:13.979029,2,13457,4343,7690,717,552,155,4340
2021-06-16 19:31:23.251993,2,13355,4285,7699,709,552,110,4356
2021-06-16 19:46:25.493284,2,13466,4435,7661,709,552,109,4289
2021-06-16 20:01:29.839768,2,13449,4412,7667,709,552,109,4287
2021-06-16 20:16:48.298253,2,13466,4415,7686,708,552,105,4283
2021-06-16 20:31:51.371375,2,13530,4422,7702,689,552,165,4347
2021-06-16 20:46:56.976382,2,13520,4411,7716,681,552,160,4341
2021-06-16 21:02:08.183332,2,13692,4636,7656,713,552,135,4246
2021-06-16 21:17:20.326839,2,13518,4477,7618,738,552,133,4366
2021-06-16 21:32:24.833718,2,13433,4448,7559,742,552,132,4315
2021-06-16 21:47:35.726825,2,13601,4584,7594,742,552,129,4376
2021-06-16 22:02:41.435772,2,13560,4563,7568,741,552,136,4300
2021-06-16 22:17:46.855189,2,13529,4529,7572,741,552,135,4300
2021-06-16 22:32:50.513945,2,13597,4510,7640,761,552,134,4308
2021-06-16 22:47:53.720139,2,13453,4423,7617,728,552,133,4108
2021-06-16 23:02:59.432062,2,13418,4349,7654,727,552,136,4372
2021-06-16 23:18:03.250411,2,13405,4374,7663,731,552,85,4356
2021-06-16 23:33:07.904924,2,13227,4299,7574,719,552,83,4292
2021-06-16 23:48:19.587001,2,13545,4569,7642,703,552,79,4355
2021-06-17 00:03:25.269016,3,13417,4477,7616,695,552,77,4361
2021-06-17 00:18:33.638185,3,13413,4561,7535,670,552,95,4349
2021-06-17 00:33:40.001950,3,13552,4625,7645,658,552,72,4261
2021-06-17 00:48:42.093963,3,13610,4680,7646,660,552,72,4361
2021-06-17 01:03:46.206776,3,13479,4664,7581,618,552,64,4389
2021-06-17 01:18:49.667835,3,13469,4627,7609,622,552,59,4389
2021-06-17 01:33:51.319066,3,13543,4631,7676,626,552,58,4363
2021-06-17 01:49:02.467525,3,13597,4714,7648,626,552,57,4330
2021-06-17 02:04:05.792590,3,13487,4681,7564,634,552,56,4170
2021-06-17 02:19:29.389081,3,13645,4740,7648,650,552,55,4282
2021-06-17 02:34:31.833664,3,13501,4759,7481,662,552,47,4074
2021-06-17 02:49:39.255533,3,13682,4812,7606,665,552,47,4113
2021-06-17 03:04:41.673079,3,13637,4750,7610,678,552,47,3989
2021-06-17 03:19:44.152452,3,13556,4600,7674,693,552,37,4306
2021-06-17 03:34:49.616702,3,13218,4244,7698,677,552,47,4388
2021-06-17 03:49:51.811843,3,13382,4364,7742,677,552,47,4385
2021-06-17 04:04:55.110808,3,13422,4422,7717,685,552,46,4498
2021-06-17 04:20:00.147170,3,13410,4397,7731,686,552,44,4399
2021-06-17 04:35:02.569884,3,13468,4399,7788,685,552,44,4374
2021-06-17 04:50:08.450039,3,13361,4322,7771,670,552,46,4170
2021-06-17 05:05:09.789588,3,13343,4318,7765,663,552,45,4329
2021-06-17 05:20:11.106726,3,13478,4398,7816,667,552,45,4297
2021-06-17 05:35:22.031707,3,13542,4463,7797,686,552,44,4239
2021-06-17 05:50:26.206227,3,13512,4462,7787,670,552,41,4271
2021-06-17 06:05:27.797500,3,13505,4467,7779,666,552,41,4259
2021-06-17 06:20:30.060297,3,13606,4610,7746,657,552,41,4195
2021-06-17 06:35:34.576568,3,13388,4224,7917,657,552,38,4419
2021-06-17 06:50:41.929962,3,13399,4246,7890,673,552,38,4598
2021-06-17 07:05:48.412026,3,13293,4255,7784,664,552,38,4645
2021-06-17 07:20:52.718121,3,13212,4163,7788,671,552,38,4471
2021-06-17 07:35:58.688818,3,13170,4190,7680,710,552,38,4690
2021-06-17 07:51:07.683904,3,13411,4275,7857,700,552,27,4648
2021-06-17 08:06:09.168393,3,13483,4470,7720,715,552,26,4596
2021-06-17 08:21:10.643499,3,13310,4346,7673,713,552,26,4774
2021-06-17 08:36:11.935195,3,13605,4589,7730,709,552,25,4650
2021-06-17 08:51:24.218116,3,13624,4563,7802,682,552,25,4661
2021-06-17 09:06:31.675405,3,13663,4549,7857,677,552,28,4682
2021-06-17 09:21:33.063684,3,13692,4503,7934,675,552,28,4641
2021-06-17 09:36:34.816012,3,13742,4437,7917,681,552,155,4560
2021-06-17 09:51:38.581852,3,13780,4457,7915,678,552,178,4675
2021-06-17 10:06:40.882265,3,13784,4414,7981,661,552,176,4694
2021-06-17 10:21:52.743503,3,13833,4471,7975,662,552,173,4661
2021-06-17 10:36:58.023044,3,13710,4405,7920,667,552,166,4724
2021-06-17 10:52:00.510248,3,13604,4336,7901,657,552,158,4732
2021-06-17 11:07:11.397749,3,13860,4607,7876,657,552,168,4401
2021-06-17 11:22:16.951775,3,13813,4538,7865,690,552,168,4400
2021-06-17 11:37:20.779848,3,13345,4230,7853,671,424,167,4487
2021-06-17 11:52:28.352371,3,13357,4158,7942,666,424,167,4756
2021-06-17 12:07:34.944968,3,12849,3637,7954,668,424,166,4684
2021-06-17 12:22:37.411622,3,13477,4263,7961,682,424,147,4650
2021-06-17 12:37:52.072075,3,13411,4224,7909,708,424,146,4715
2021-06-17 12:52:54.500640,3,13364,4219,7909,700,424,112,4575
2021-06-17 13:07:57.500021,3,13436,4366,7854,681,424,111,4496
2021-06-17 13:22:58.752401,3,13016,3967,7828,689,424,108,4424
2021-06-17 13:38:02.732716,3,12916,3771,7927,689,424,105,4869
2021-06-17 13:53:11.406166,3,13548,4365,7928,675,424,156,4369
2021-06-17 14:08:23.959636,3,13512,4399,7838,699,424,152,4444
2021-06-17 14:23:27.737068,3,13742,4443,8041,696,424,138,4291
2021-06-17 14:38:31.138991,3,13444,4261,7927,700,424,132,4375
2021-06-17 14:53:40.867779,3,13298,4051,7975,719,424,129,4607
2021-06-17 15:08:50.903117,3,13381,4126,8006,706,424,119,4638
2021-06-17 15:23:55.573531,3,13586,4122,8215,706,424,119,4650
2021-06-17 15:39:08.019146,3,13531,4265,8018,713,424,111,4519
2021-06-17 15:54:09.642095,3,13314,4287,7807,689,424,107,4519
2021-06-17 16:09:11.292092,3,13422,4402,7798,696,424,102,4257
2021-06-17 16:24:13.152851,3,13428,4367,7772,728,456,105,4143
2021-06-17 16:39:15.881065,3,13649,4648,7708,716,456,121,3940
2021-06-17 16:54:17.553239,3,13579,4560,7643,761,456,159,4013
2021-06-17 17:09:20.335290,3,13673,4480,7837,745,456,155,4031
2021-06-17 17:24:21.919881,3,13470,4153,7947,724,456,190,4157
2021-06-17 17:39:23.619582,3,13137,3955,7817,700,456,209,4415
2021-06-17 17:54:25.590522,3,13549,4304,7859,692,456,238,3574
2021-06-17 18:09:27.225685,3,13732,4537,7744,732,456,263,3475
2021-06-17 18:24:28.993616,3,13769,4488,7742,735,424,380,3471
2021-06-17 18:39:59.062604,3,13688,4462,7833,732,424,237,3661
2021-06-17 18:55:03.453985,3,13564,4212,7961,728,424,239,3928
2021-06-17 19:10:05.250451,3,13413,4006,7988,727,456,236,4207
2021-06-17 19:25:08.160275,3,13385,3999,7965,727,456,238,4196
2021-06-17 19:40:10.604553,3,13462,4166,7888,723,456,229,3916
2021-06-17 19:55:12.679807,3,13795,4328,7907,723,456,381,3599
2021-06-17 20:10:47.102439,3,13908,4326,7923,695,456,508,3525
2021-06-17 20:25:49.381867,3,13947,4298,7897,679,456,617,3489
2021-06-17 20:40:51.381118,3,13670,4206,7706,707,448,603,3558
2021-06-17 20:55:59.666770,3,13657,4046,7735,698,448,730,3540
2021-06-17 21:11:01.264075,3,13618,3993,7888,702,320,715,3545
2021-06-17 21:26:02.829841,3,13726,3927,8059,702,320,718,3441
2021-06-17 21:41:05.851177,3,13829,4266,8126,690,320,427,3448
2021-06-17 21:56:07.455895,3,13814,4126,8121,674,320,573,3419
2021-06-17 22:11:09.020469,3,13781,4072,8126,690,320,573,3563
2021-06-17 22:26:16.770538,3,13745,4307,8158,634,320,326,3570
2021-06-17 22:41:23.749582,3,13521,4277,7954,642,320,328,3455
2021-06-17 22:56:28.711330,3,13531,4301,7772,674,320,464,3508
2021-06-17 23:11:30.283251,3,13429,4264,7809,666,320,370,3496
2021-06-17 23:26:33.079114,3,13582,4332,7701,666,320,563,3488
2021-06-17 23:41:34.795246,3,13613,4436,7659,658,320,540,3491
2021-06-17 23:56:37.698423,3,13703,4553,7589,650,350,561,3503
2021-06-18 00:11:49.052920,4,13954,4543,7848,622,339,602,3543
2021-06-18 00:26:52.518300,4,13941,4489,7832,614,338,668,3526
2021-06-18 00:41:55.386143,4,13944,4759,7821,630,338,396,3526
2021-06-18 00:56:56.870506,4,13871,4745,7796,598,337,395,3512
2021-06-18 01:12:02.114000,4,13822,4731,7761,598,337,395,3488
2021-06-18 01:27:05.904983,4,13858,4677,7826,582,334,439,3444
2021-06-18 01:42:15.784607,4,13921,4666,7862,598,336,459,3422
2021-06-18 01:57:17.678407,4,14045,4654,7950,600,336,505,3453
2021-06-18 02:12:22.592355,4,14031,4639,7904,651,336,501,3456
2021-06-18 02:27:24.352800,4,14112,4637,8008,651,335,481,3430
2021-06-18 02:42:28.165364,4,14104,4630,8005,648,334,487,3433
2021-06-18 02:57:52.357690,4,14090,4614,7996,664,330,486,3451
2021-06-18 03:13:02.345286,4,13933,4610,7981,664,328,350,3735
2021-06-18 03:28:20.226470,4,13881,4553,7927,656,323,422,3743
2021-06-18 03:43:22.749605,4,13883,4556,7927,656,321,423,3761
2021-06-18 03:58:28.283085,4,13817,4532,7862,680,321,422,3711
2021-06-18 04:13:38.000802,4,14048,4512,7994,672,320,550,3687
2021-06-18 04:28:57.068809,4,13778,4534,7894,672,320,358,3667
2021-06-18 04:44:00.480259,4,13782,4669,7901,676,320,216,3728
2021-06-18 04:59:02.727119,4,13749,4613,7918,676,320,222,3723
2021-06-18 05:14:15.373689,4,13728,4661,7857,676,320,214,3694
2021-06-18 05:29:19.212099,4,13842,4741,7891,676,320,214,3681
2021-06-18 05:44:25.472804,4,13850,4755,7915,653,320,207,3631
2021-06-18 05:59:33.385841,4,13799,4716,7907,645,320,211,3365
2021-06-18 06:14:36.092147,4,13861,4739,7941,653,320,208,3633
2021-06-18 06:29:39.666802,4,13800,4693,7926,646,320,215,3636
2021-06-18 06:44:54.657716,4,13850,4714,7973,630,320,213,3602
2021-06-18 07:00:01.846368,4,13793,4674,7968,652,320,179,3670
2021-06-18 07:15:05.410119,4,13859,4543,8115,684,320,197,3784
2021-06-18 07:30:18.039749,4,13769,4517,7989,694,320,249,3688
2021-06-18 07:45:25.071577,4,13842,4685,7919,685,320,233,3712
2021-06-18 08:00:27.524941,4,13779,4582,7974,669,320,234,3846
2021-06-18 08:15:43.921597,4,13778,4619,7930,682,320,227,3723
2021-06-18 08:31:32.969775,4,13531,4390,7939,678,320,204,4039
2021-06-18 08:46:36.490502,4,13466,4307,7968,670,320,201,3862
2021-06-18 09:01:44.851919,4,13630,4464,7968,678,320,200,3764
2021-06-18 09:16:51.715573,4,14224,5021,7993,694,320,196,3818
2021-06-18 09:31:59.023277,4,13891,4549,8096,742,320,184,3958
2021-06-18 09:47:13.227915,4,14207,4831,8103,720,320,233,3790
2021-06-18 10:02:18.985174,4,14049,4670,8105,729,320,225,3810
2021-06-18 10:17:23.387309,4,14095,4676,8113,761,320,225,3837
2021-06-18 10:32:31.037358,4,13897,4442,8112,799,320,224,3879
2021-06-18 10:47:35.807685,4,13853,4549,7943,831,312,218,3899
2021-06-18 11:02:42.523775,4,13323,3875,8065,861,312,210,4118
2021-06-18 11:17:48.559050,4,12707,3329,8036,816,312,214,4175
2021-06-18 11:32:52.058101,4,12871,3560,7979,808,312,212,4214
2021-06-18 11:48:01.919373,4,13164,3900,7976,802,312,174,4253
2021-06-18 12:03:16.160016,4,13323,4030,7961,834,312,186,4158
2021-06-18 12:18:19.191140,4,13707,4468,7894,842,312,191,4018
2021-06-18 12:33:29.643764,4,13691,4240,8023,828,408,192,3913
2021-06-18 12:48:42.392589,4,13856,4351,8093,847,376,189,3936
2021-06-18 13:03:46.594740,4,13907,4500,8069,821,320,197,3932
2021-06-18 13:19:05.144244,4,13743,4416,7966,817,320,224,3916
2021-06-18 13:34:15.729295,4,13847,4564,8043,864,352,24,4000
2021-06-18 13:49:23.583179,4,14156,4743,8102,893,384,34,3924
2021-06-18 14:04:29.776276,4,13893,4592,8038,855,352,56,3955
2021-06-18 14:19:40.545596,4,13887,4427,8124,847,416,73,3990
2021-06-18 14:34:47.233790,4,14003,4520,8149,834,416,84,3954
2021-06-18 14:49:49.098815,4,14092,4588,8174,817,416,97,3935
2021-06-18 15:04:56.676273,4,14182,4663,8321,772,320,106,3960
2021-06-18 15:19:59.457808,4,14084,4656,8204,786,320,118,3928
2021-06-18 15:35:04.784001,4,14131,4682,8212,792,320,125,3894
2021-06-18 15:50:17.289407,4,14087,4523,8303,799,320,142,4019
2021-06-18 16:05:25.054867,4,13912,4268,8377,786,320,161,4325
2021-06-18 16:20:29.798621,4,13777,4297,8246,753,320,161,4264
2021-06-18 16:35:41.341841,4,13672,4173,8143,745,448,163,4287
2021-06-18 16:50:48.622801,4,13636,4126,8137,753,448,172,4319
2021-06-18 17:05:50.699762,4,13633,4184,8065,757,448,179,4389
2021-06-18 17:20:52.735180,4,13661,4229,8054,753,448,177,4351
2021-06-18 17:35:54.853438,4,13533,4162,8130,746,320,175,4333
2021-06-18 17:51:01.498555,4,13623,4187,8188,738,320,190,4343
2021-06-18 18:06:04.263144,4,13555,4189,8111,731,320,204,4279
2021-06-18 18:21:06.949854,4,13477,4154,8061,726,320,216,4269
2021-06-18 18:36:08.534727,4,13552,4209,8070,725,320,228,4264
2021-06-18 18:51:18.067928,4,13565,4214,8070,725,320,236,4264
2021-06-18 19:06:20.559035,4,13327,3945,8103,725,320,234,4507
2021-06-18 19:21:25.163700,4,13525,4021,8089,724,448,243,4449
2021-06-18 19:36:31.438836,4,13696,4238,8042,724,448,244,4259
2021-06-18 19:51:39.983628,4,13683,4245,7980,748,448,262,4231
2021-06-18 20:06:43.595492,4,13648,4292,7897,748,448,263,4171
2021-06-18 20:21:56.886388,4,14071,4554,8076,727,448,266,4023
2021-06-18 20:37:04.282376,4,14131,4689,8061,727,376,278,4008
2021-06-18 20:52:10.864425,4,13999,4607,7991,711,376,314,4010
2021-06-18 21:07:13.709690,4,14089,4621,7981,685,440,362,4024
2021-06-18 21:22:16.529471,4,13987,4565,7881,704,440,397,4019
2021-06-18 21:37:22.861378,4,14004,4504,7905,732,440,423,3971
2021-06-18 21:52:35.903740,4,14020,4441,7921,740,440,478,3956
2021-06-18 22:07:43.205010,4,14091,4601,7880,712,440,458,3947
2021-06-18 22:23:14.479916,4,14304,4693,7959,727,440,485,3945
2021-06-18 22:38:50.291261,4,14331,4705,7991,715,440,480,4000
2021-06-18 22:54:14.138517,4,14388,4775,7978,703,440,492,3994
2021-06-18 23:09:31.695679,4,14053,4495,7913,711,440,494,3948
2021-06-18 23:24:35.955436,4,14176,4588,7942,711,440,495,4088
2021-06-18 23:39:42.872393,4,14208,4641,7909,710,440,508,4116
2021-06-18 23:55:13.464213,4,14138,4609,7882,707,440,500,4103
2021-06-19 00:10:37.865117,5,14015,4413,7985,703,440,474,4094
2021-06-19 00:26:58.140577,5,14278,4421,7993,702,440,722,4123
2021-06-19 00:42:00.904331,5,14382,4472,8010,701,440,759,4075
2021-06-19 00:57:03.606993,5,14327,4465,7954,700,440,768,4072
2021-06-19 01:12:16.060496,5,14170,4426,7796,663,440,845,3927
2021-06-19 01:27:23.294388,5,14361,4500,7912,661,440,848,3927
2021-06-19 01:42:26.058184,5,14312,4493,7905,628,440,846,4059
2021-06-19 01:57:59.244519,5,14250,4514,7804,667,440,825,4037
2021-06-19 02:14:00.148593,5,14323,4556,7821,670,440,836,3892
2021-06-19 02:29:12.362628,5,14307,4467,7896,667,440,837,4029
2021-06-19 02:44:36.332374,5,14112,4373,7843,651,440,805,4098
2021-06-19 02:59:41.173554,5,13728,4110,7734,651,440,793,4141
2021-06-19 03:15:00.723205,5,14081,4255,7936,643,440,807,4307
2021-06-19 03:30:02.885500,5,13908,4159,7952,635,440,722,4328
2021-06-19 03:45:10.114784,5,13841,4256,7779,651,440,715,4347
2021-06-19 04:00:43.437005,5,13953,4301,7820,651,440,741,4230
2021-06-19 04:16:22.984108,5,13983,4352,7712,631,440,848,4193
